image: LSR_N5_TASlab.pgm
resolution: 0.05
origin: [-108, -120, 0]   #[-100.000000, -100.000000, 0.000000]
negate: 0
occupied_thresh: 0.65
free_thresh: 0.196

